          14
   1.0000000000000000       0.50000000000000000       0.33333333333333331       0.25000000000000000       0.20000000000000001       0.16666666666666666       0.14285714285714285       0.12500000000000000       0.11111111111111110       0.10000000000000001        9.0909090909090912E-002   8.3333333333333329E-002   7.6923076923076927E-002   7.1428571428571425E-002
  0.50000000000000000       0.33333333333333331       0.25000000000000000       0.20000000000000001       0.16666666666666666       0.14285714285714285       0.12500000000000000       0.11111111111111110       0.10000000000000001        9.0909090909090912E-002   8.3333333333333329E-002   7.6923076923076927E-002   7.1428571428571425E-002   6.6666666666666666E-002
  0.33333333333333331       0.25000000000000000       0.20000000000000001       0.16666666666666666       0.14285714285714285       0.12500000000000000       0.11111111111111110       0.10000000000000001        9.0909090909090912E-002   8.3333333333333329E-002   7.6923076923076927E-002   7.1428571428571425E-002   6.6666666666666666E-002   6.2500000000000000E-002
  0.25000000000000000       0.20000000000000001       0.16666666666666666       0.14285714285714285       0.12500000000000000       0.11111111111111110       0.10000000000000001        9.0909090909090912E-002   8.3333333333333329E-002   7.6923076923076927E-002   7.1428571428571425E-002   6.6666666666666666E-002   6.2500000000000000E-002   5.8823529411764705E-002
  0.20000000000000001       0.16666666666666666       0.14285714285714285       0.12500000000000000       0.11111111111111110       0.10000000000000001        9.0909090909090912E-002   8.3333333333333329E-002   7.6923076923076927E-002   7.1428571428571425E-002   6.6666666666666666E-002   6.2500000000000000E-002   5.8823529411764705E-002   5.5555555555555552E-002
  0.16666666666666666       0.14285714285714285       0.12500000000000000       0.11111111111111110       0.10000000000000001        9.0909090909090912E-002   8.3333333333333329E-002   7.6923076923076927E-002   7.1428571428571425E-002   6.6666666666666666E-002   6.2500000000000000E-002   5.8823529411764705E-002   5.5555555555555552E-002   5.2631578947368418E-002
  0.14285714285714285       0.12500000000000000       0.11111111111111110       0.10000000000000001        9.0909090909090912E-002   8.3333333333333329E-002   7.6923076923076927E-002   7.1428571428571425E-002   6.6666666666666666E-002   6.2500000000000000E-002   5.8823529411764705E-002   5.5555555555555552E-002   5.2631578947368418E-002   5.0000000000000003E-002
  0.12500000000000000       0.11111111111111110       0.10000000000000001        9.0909090909090912E-002   8.3333333333333329E-002   7.6923076923076927E-002   7.1428571428571425E-002   6.6666666666666666E-002   6.2500000000000000E-002   5.8823529411764705E-002   5.5555555555555552E-002   5.2631578947368418E-002   5.0000000000000003E-002   4.7619047619047616E-002
  0.11111111111111110       0.10000000000000001        9.0909090909090912E-002   8.3333333333333329E-002   7.6923076923076927E-002   7.1428571428571425E-002   6.6666666666666666E-002   6.2500000000000000E-002   5.8823529411764705E-002   5.5555555555555552E-002   5.2631578947368418E-002   5.0000000000000003E-002   4.7619047619047616E-002   4.5454545454545456E-002
  0.10000000000000001        9.0909090909090912E-002   8.3333333333333329E-002   7.6923076923076927E-002   7.1428571428571425E-002   6.6666666666666666E-002   6.2500000000000000E-002   5.8823529411764705E-002   5.5555555555555552E-002   5.2631578947368418E-002   5.0000000000000003E-002   4.7619047619047616E-002   4.5454545454545456E-002   4.3478260869565216E-002
   9.0909090909090912E-002   8.3333333333333329E-002   7.6923076923076927E-002   7.1428571428571425E-002   6.6666666666666666E-002   6.2500000000000000E-002   5.8823529411764705E-002   5.5555555555555552E-002   5.2631578947368418E-002   5.0000000000000003E-002   4.7619047619047616E-002   4.5454545454545456E-002   4.3478260869565216E-002   4.1666666666666664E-002
   8.3333333333333329E-002   7.6923076923076927E-002   7.1428571428571425E-002   6.6666666666666666E-002   6.2500000000000000E-002   5.8823529411764705E-002   5.5555555555555552E-002   5.2631578947368418E-002   5.0000000000000003E-002   4.7619047619047616E-002   4.5454545454545456E-002   4.3478260869565216E-002   4.1666666666666664E-002   4.0000000000000001E-002
   7.6923076923076927E-002   7.1428571428571425E-002   6.6666666666666666E-002   6.2500000000000000E-002   5.8823529411764705E-002   5.5555555555555552E-002   5.2631578947368418E-002   5.0000000000000003E-002   4.7619047619047616E-002   4.5454545454545456E-002   4.3478260869565216E-002   4.1666666666666664E-002   4.0000000000000001E-002   3.8461538461538464E-002
   7.1428571428571425E-002   6.6666666666666666E-002   6.2500000000000000E-002   5.8823529411764705E-002   5.5555555555555552E-002   5.2631578947368418E-002   5.0000000000000003E-002   4.7619047619047616E-002   4.5454545454545456E-002   4.3478260869565216E-002   4.1666666666666664E-002   4.0000000000000001E-002   3.8461538461538464E-002   3.7037037037037035E-002
  
  -1.0000000000000000E-014  -5.0000000000000002E-014   0.0000000000000000       -2.5000000000000002E-016   0.0000000000000000       -1.6666666666666664E-017   1.4285714285714284E-017   1.2500000000000000E-017   1.1111111111111110E-015  -1.0000000000000002E-014  -9.0909090909090904E-018   0.0000000000000000       -7.6923076923076936E-015  -7.1428571428571418E-018
  -5.0000000000000002E-014  -3.3333333333333336E-016  -2.5000000000000001E-014   0.0000000000000000        0.0000000000000000       -1.4285714285714286E-016  -1.2500000000000000E-015   1.1111111111111112E-016  -1.0000000000000001E-017   9.0909090909090923E-017  -8.3333333333333330E-016  -7.6923076923076936E-015  -7.1428571428571426E-016  -6.6666666666666669E-017
   0.0000000000000000       -2.5000000000000001E-014   2.0000000000000003E-014  -1.6666666666666667E-014   1.4285714285714286E-016   0.0000000000000000        1.1111111111111112E-016   1.0000000000000002E-014   9.0909090909090904E-018   0.0000000000000000        0.0000000000000000        0.0000000000000000       -6.6666666666666669E-017   6.2500000000000005E-017
  -2.5000000000000002E-016   0.0000000000000000       -1.6666666666666667E-014   1.4285714285714285E-015   1.2500000000000000E-017   0.0000000000000000       -1.0000000000000001E-017   0.0000000000000000        8.3333333333333321E-018   7.6923076923076932E-017  -7.1428571428571426E-016   0.0000000000000000        6.2500000000000002E-015   5.8823529411764710E-015
   0.0000000000000000        0.0000000000000000        1.4285714285714286E-016   1.2500000000000000E-017   1.1111111111111110E-015   0.0000000000000000        9.0909090909090922E-015   0.0000000000000000        0.0000000000000000       -7.1428571428571426E-016   0.0000000000000000        0.0000000000000000       -5.8823529411764710E-015   0.0000000000000000     
  -1.6666666666666664E-017  -1.4285714285714286E-016   0.0000000000000000        0.0000000000000000        0.0000000000000000       -9.0909090909090923E-017  -8.3333333333333336E-015   0.0000000000000000        0.0000000000000000       -6.6666666666666669E-017   6.2499999999999999E-018   0.0000000000000000        0.0000000000000000        0.0000000000000000     
   1.4285714285714284E-017  -1.2500000000000000E-015   1.1111111111111112E-016  -1.0000000000000001E-017   9.0909090909090922E-015  -8.3333333333333336E-015  -7.6923076923076932E-017   0.0000000000000000        0.0000000000000000        0.0000000000000000        0.0000000000000000        0.0000000000000000       -5.2631578947368414E-016  -5.0000000000000008E-015
   1.2500000000000000E-017   1.1111111111111112E-016   1.0000000000000002E-014   0.0000000000000000        0.0000000000000000        0.0000000000000000        0.0000000000000000        0.0000000000000000       -6.2500000000000002E-015  -5.8823529411764708E-017  -5.5555555555555560E-017   0.0000000000000000        0.0000000000000000        4.7619047619047617E-016
   1.1111111111111110E-015  -1.0000000000000001E-017   9.0909090909090904E-018   8.3333333333333321E-018   0.0000000000000000        0.0000000000000000        0.0000000000000000       -6.2500000000000002E-015  -5.8823529411764708E-016   5.5555555555555552E-015  -5.2631578947368423E-017  -5.0000000000000004E-016   0.0000000000000000        4.5454545454545459E-016
  -1.0000000000000002E-014   9.0909090909090923E-017   0.0000000000000000        7.6923076923076932E-017  -7.1428571428571426E-016  -6.6666666666666669E-017   0.0000000000000000       -5.8823529411764708E-017   5.5555555555555552E-015  -5.2631578947368423E-017   5.0000000000000008E-015   4.7619047619047612E-018   0.0000000000000000       -4.3478260869565218E-016
  -9.0909090909090904E-018  -8.3333333333333330E-016   0.0000000000000000       -7.1428571428571426E-016   0.0000000000000000        6.2499999999999999E-018   0.0000000000000000       -5.5555555555555560E-017  -5.2631578947368423E-017   5.0000000000000008E-015   4.7619047619047612E-018   0.0000000000000000       -4.3478260869565217E-018   4.1666666666666670E-017
   0.0000000000000000       -7.6923076923076936E-015   0.0000000000000000        0.0000000000000000        0.0000000000000000        0.0000000000000000        0.0000000000000000        0.0000000000000000       -5.0000000000000004E-016   4.7619047619047612E-018   0.0000000000000000       -4.3478260869565220E-017  -4.1666666666666670E-017   4.0000000000000003E-015
  -7.6923076923076936E-015  -7.1428571428571426E-016  -6.6666666666666669E-017   6.2500000000000002E-015  -5.8823529411764710E-015   0.0000000000000000       -5.2631578947368414E-016   0.0000000000000000        0.0000000000000000        0.0000000000000000       -4.3478260869565217E-018  -4.1666666666666670E-017   3.9999999999999999E-016   3.8461538461538468E-015
  -7.1428571428571418E-018  -6.6666666666666669E-017   6.2500000000000005E-017   5.8823529411764710E-015   0.0000000000000000        0.0000000000000000       -5.0000000000000008E-015   4.7619047619047617E-016   4.5454545454545459E-016  -4.3478260869565218E-016   4.1666666666666670E-017   4.0000000000000003E-015   3.8461538461538468E-015  -3.7037037037037035E-015

   3.2515623265623268        2.3182289932289941        1.8807289932289930        1.6062191893074245        1.4117747448629800        1.2644063238103487        1.1477396571436820        1.0525015619055869       0.97295610736013227       0.90532325711858630       0.84698992378525284       0.79608083287616205       0.75120903800436700       0.71132299811832711     

1.d-10

1.1490e+18

0 0 0 0 0 0 0 0 0 0 0 0 0 0
