           6
   1.0000000000000000       0.50000000000000000       0.33333333333333331       0.25000000000000000       0.20000000000000001       0.16666666666666666     
  0.50000000000000000       0.33333333333333331       0.25000000000000000       0.20000000000000001       0.16666666666666666       0.14285714285714285     
  0.33333333333333331       0.25000000000000000       0.20000000000000001       0.16666666666666666       0.14285714285714285       0.12500000000000000     
  0.25000000000000000       0.20000000000000001       0.16666666666666666       0.14285714285714285       0.12500000000000000       0.11111111111111110     
  0.20000000000000001       0.16666666666666666       0.14285714285714285       0.12500000000000000       0.11111111111111110       0.10000000000000001     
  0.16666666666666666       0.14285714285714285       0.12500000000000000       0.11111111111111110       0.10000000000000001        9.0909090909090912E-002
  
  -1.0000000000000000E-014  -5.0000000000000002E-014   0.0000000000000000       -2.5000000000000002E-016   0.0000000000000000       -1.6666666666666664E-017
  -5.0000000000000002E-014   3.3333333333333329E-017   2.4999999999999999E-017   2.0000000000000002E-015  -1.6666666666666667E-014  -1.4285714285714284E-017
   0.0000000000000000        2.4999999999999999E-017   0.0000000000000000       -1.6666666666666667E-014  -1.4285714285714284E-017  -1.2500000000000001E-016
  -2.5000000000000002E-016   2.0000000000000002E-015  -1.6666666666666667E-014  -1.4285714285714284E-014   0.0000000000000000        0.0000000000000000     
   0.0000000000000000       -1.6666666666666667E-014  -1.4285714285714284E-017   0.0000000000000000       -1.1111111111111112E-016  -1.0000000000000001E-015
  -1.6666666666666664E-017  -1.4285714285714284E-017  -1.2500000000000001E-016   0.0000000000000000       -1.0000000000000001E-015   9.0909090909090923E-017

2.4499999999999997        1.5928571428571427        1.2178571428571427       0.99563492063492065       0.84563492063492063       0.73654401154401161   
  
1.d-10

29070278.99974

0 0 0 0 0 0
