           8
   1.0000000000000000       0.50000000000000000       0.33333333333333331       0.25000000000000000       0.20000000000000001       0.16666666666666666       0.14285714285714285       0.12500000000000000     
  0.50000000000000000       0.33333333333333331       0.25000000000000000       0.20000000000000001       0.16666666666666666       0.14285714285714285       0.12500000000000000       0.11111111111111110     
  0.33333333333333331       0.25000000000000000       0.20000000000000001       0.16666666666666666       0.14285714285714285       0.12500000000000000       0.11111111111111110       0.10000000000000001     
  0.25000000000000000       0.20000000000000001       0.16666666666666666       0.14285714285714285       0.12500000000000000       0.11111111111111110       0.10000000000000001        9.0909090909090912E-002
  0.20000000000000001       0.16666666666666666       0.14285714285714285       0.12500000000000000       0.11111111111111110       0.10000000000000001        9.0909090909090912E-002   8.3333333333333329E-002
  0.16666666666666666       0.14285714285714285       0.12500000000000000       0.11111111111111110       0.10000000000000001        9.0909090909090912E-002   8.3333333333333329E-002   7.6923076923076927E-002
  0.14285714285714285       0.12500000000000000       0.11111111111111110       0.10000000000000001        9.0909090909090912E-002   8.3333333333333329E-002   7.6923076923076927E-002   7.1428571428571425E-002
  0.12500000000000000       0.11111111111111110       0.10000000000000001        9.0909090909090912E-002   8.3333333333333329E-002   7.6923076923076927E-002   7.1428571428571425E-002   6.6666666666666666E-002
  
  -1.0000000000000000E-013   0.0000000000000000        3.3333333333333329E-017   2.5000000000000000E-015   2.0000000000000001E-017  -1.6666666666666664E-017   1.4285714285714284E-017  -1.2500000000000000E-014
   0.0000000000000000       -3.3333333333333336E-016  -2.4999999999999999E-017  -2.0000000000000001E-017   0.0000000000000000        1.4285714285714285E-015   0.0000000000000000        1.1111111111111110E-017
   3.3333333333333329E-017  -2.4999999999999999E-017   0.0000000000000000        1.6666666666666667E-014  -1.4285714285714285E-015   1.2500000000000001E-016   0.0000000000000000        1.0000000000000002E-014
   2.5000000000000000E-015  -2.0000000000000001E-017   1.6666666666666667E-014   0.0000000000000000       -1.2500000000000001E-016   1.1111111111111110E-017   0.0000000000000000        9.0909090909090918E-016
   2.0000000000000001E-017   0.0000000000000000       -1.4285714285714285E-015  -1.2500000000000001E-016  -1.1111111111111112E-016   0.0000000000000000       -9.0909090909090922E-015   0.0000000000000000     
  -1.6666666666666664E-017   1.4285714285714285E-015   1.2500000000000001E-016   1.1111111111111110E-017   0.0000000000000000       -9.0909090909090923E-017   8.3333333333333321E-018  -7.6923076923076925E-016
   1.4285714285714284E-017   0.0000000000000000        0.0000000000000000        0.0000000000000000       -9.0909090909090922E-015   8.3333333333333321E-018   7.6923076923076932E-017   7.1428571428571431E-017
  -1.2500000000000000E-014   1.1111111111111110E-017   1.0000000000000002E-014   9.0909090909090918E-016   0.0000000000000000       -7.6923076923076925E-016   7.1428571428571431E-017  -6.6666666666666666E-018

2.7178571428571425        1.8289682539682539        1.4289682539682540        1.1865440115440116        1.0198773448773448       0.89680042180042197       0.80156232656232662       0.72537185037185048   

1.d-10

33872789425.32911

0 0 0 0 0 0 0 0
