 A = 
   1.0000000000000000       0.50000000000000000       0.33333333333333331       0.25000000000000000       0.20000000000000001       0.16666666666666666       0.14285714285714285       0.12500000000000000     
  0.50000000000000000       0.33333333333333331       0.25000000000000000       0.20000000000000001       0.16666666666666666       0.14285714285714285       0.12500000000000000       0.11111111111111110     
  0.33333333333333331       0.25000000000000000       0.20000000000000001       0.16666666666666666       0.14285714285714285       0.12500000000000000       0.11111111111111110       0.10000000000000001     
  0.25000000000000000       0.20000000000000001       0.16666666666666666       0.14285714285714285       0.12500000000000000       0.11111111111111110       0.10000000000000001        9.0909090909090912E-002
  0.20000000000000001       0.16666666666666666       0.14285714285714285       0.12500000000000000       0.11111111111111110       0.10000000000000001        9.0909090909090912E-002   8.3333333333333329E-002
  0.16666666666666666       0.14285714285714285       0.12500000000000000       0.11111111111111110       0.10000000000000001        9.0909090909090912E-002   8.3333333333333329E-002   7.6923076923076927E-002
  0.14285714285714285       0.12500000000000000       0.11111111111111110       0.10000000000000001        9.0909090909090912E-002   8.3333333333333329E-002   7.6923076923076927E-002   7.1428571428571425E-002
  0.12500000000000000       0.11111111111111110       0.10000000000000001        9.0909090909090912E-002   8.3333333333333329E-002   7.6923076923076927E-002   7.1428571428571425E-002   6.6666666666666666E-002
 delta_A = 
  -1.0000000000000000E-013   0.0000000000000000        3.3333333333333329E-017   2.5000000000000000E-015   2.0000000000000001E-017  -1.6666666666666664E-017   1.4285714285714284E-017  -1.2500000000000000E-014
   0.0000000000000000       -3.3333333333333336E-016  -2.4999999999999999E-017  -2.0000000000000001E-017   0.0000000000000000        1.4285714285714285E-015   0.0000000000000000        1.1111111111111110E-017
   3.3333333333333329E-017  -2.4999999999999999E-017   0.0000000000000000        1.6666666666666667E-014  -1.4285714285714285E-015   1.2500000000000001E-016   0.0000000000000000        1.0000000000000002E-014
   2.5000000000000000E-015  -2.0000000000000001E-017   1.6666666666666667E-014   0.0000000000000000       -1.2500000000000001E-016   1.1111111111111110E-017   0.0000000000000000        9.0909090909090918E-016
   2.0000000000000001E-017   0.0000000000000000       -1.4285714285714285E-015  -1.2500000000000001E-016  -1.1111111111111112E-016   0.0000000000000000       -9.0909090909090922E-015   0.0000000000000000     
  -1.6666666666666664E-017   1.4285714285714285E-015   1.2500000000000001E-016   1.1111111111111110E-017   0.0000000000000000       -9.0909090909090923E-017   8.3333333333333321E-018  -7.6923076923076925E-016
   1.4285714285714284E-017   0.0000000000000000        0.0000000000000000        0.0000000000000000       -9.0909090909090922E-015   8.3333333333333321E-018   7.6923076923076932E-017   7.1428571428571431E-017
  -1.2500000000000000E-014   1.1111111111111110E-017   1.0000000000000002E-014   9.0909090909090918E-016   0.0000000000000000       -7.6923076923076925E-016   7.1428571428571431E-017  -6.6666666666666666E-018
 b = 
   2.7178571428571425        1.8289682539682539        1.4289682539682540        1.1865440115440116        1.0198773448773448       0.89680042180042197       0.80156232656232662       0.72537185037185048     
 Nmax = 
         100
 tol = 
   1.0000000000000000E-010
 cond = 
   33872789425.329109     
 x0 = 
   0.0000000000000000        0.0000000000000000        0.0000000000000000        0.0000000000000000        0.0000000000000000        0.0000000000000000        0.0000000000000000        0.0000000000000000     
 suite de vecteurs x et le n°d'itération :
           1   1.6155295595749182        1.0871624675253027       0.84939727610297577       0.70529716008944432       0.60622833033014134       0.53306980989250230       0.47645905003004346       0.43117044214007644     
           2  0.90051925388444209        1.1968252317088743        1.1540076645614978        1.0681840131357556       0.98243225419857028       0.90513930348884286       0.83724842009847245       0.77790762147016301     
           3   1.0083144431867874       0.94993629336003682        1.0217705533368948        1.0451764430950390        1.0362267093223327        1.0104756866449955       0.97680756459692497       0.94001425153759488     
           4  0.99958216005320322        1.0052569995645675       0.98838985902375887       0.99884517681092033        1.0080810401488800        1.0090209507183197        1.0018672286717070       0.98849297814466019     
           5   1.0000070037524722       0.99972868195856446        1.0013215334165073       0.99823043524020416       0.99937805738809093        1.0013905488145327        1.0014612750499958       0.99845377209418607     
           6   1.0000127683912405       0.99971557743428252        1.0013605884109769       0.99823028760956500       0.99935447855568360        1.0013698556950517        1.0014611375445470       0.99848322364533570     
           7   1.0000126890309682       0.99971567511159631        1.0013602199356388       0.99823088423796069       0.99935463806776126        1.0013694918400766        1.0014608346823692       0.99848365267554606     
           8  0.99999977932274842        1.0000078547650251       0.99993445668593339        1.0002024916558134       0.99977778740321532       0.99994448358249111        1.0002572092505981       0.99987575359460668     
 estimation de l'erreur relative :
   2.5714311101125416E-004
 norme infini de delta A sur la norme infini de A :
   1.0000000000000000E-013
 second membre de l'inégalité du conditionnement :
   3.3872789425329112E-003
 l'inégalité du conditionnement est respectée
